  2 28 28 37.44 41.17 43.01 20968 0.00 0.00 0.00     0 36.74 41.05 42.73 10522  2528 1.023
  2 28 28 36.19 35.80 35.90 53432 0.00 0.00 0.00     0 35.06 34.70 35.28 35949 31080 1.276
  2 28 28 36.19 35.80 35.90 53432 0.00 0.00 0.00     0 35.06 34.70 35.28 35949 31080 1.206
  3 28 28 37.39 41.26 42.85 21960 0.00 0.00 0.00     0 37.01 41.00 42.53 11336     0 0.724
  3 28 28 37.39 41.26 42.85 21960 0.00 0.00 0.00     0 37.01 41.00 42.53 11336     0 0.714
  3 28 28 37.39 41.26 42.85 21960 0.00 0.00 0.00     0 37.01 41.00 42.53 11336     0 0.703
100 28 28 36.19 35.80 35.90 53440 0.00 0.00 0.00     0 36.62 34.92 35.16 20793 18125 2.961
100 28 28 36.19 35.80 35.90 53440 0.00 0.00 0.00     0 36.62 34.91 35.16 20802 18164 2.169
 20 28 28 36.19 35.80 35.90 53432 0.00 0.00 0.00     0 36.68 34.71 35.15 20559 18522 1.860
 20 28 28 36.19 35.80 35.90 53432 0.00 0.00 0.00     0 36.69 34.72 35.14 20565 18525 2.567
 20 28 28 37.40 41.25 43.09 21016 0.00 0.00 0.00     0 36.79 41.16 42.87  6100   897 1.192
 20 28 28 37.40 41.25 43.09 21016 0.00 0.00 0.00     0 36.79 41.16 42.87  6100   897 1.189
 20 28 28 37.40 41.25 43.09 21016 0.00 0.00 0.00     0 36.80 41.18 42.85  6142   902 2.338
 10 28 28 39.59 38.90 39.96 30400 0.00 0.00 0.00     0 38.76 38.68 39.64  9986  1859 3.767
 10 28 28 40.51 42.67 44.03 43160 0.00 0.00 0.00     0 40.52 42.63 44.09  9793   216 3.494
 10 28 28 35.61 44.63 46.11 104136 0.00 0.00 0.00     0 34.48 44.55 45.81 39992  2078 5.134
 10 28 28 37.95 41.20 44.28 58632 0.00 0.00 0.00     0 37.16 41.12 44.10 20354  3720 4.452
 10 28 28 37.95 41.20 44.28 58632 0.00 0.00 0.00     0 37.16 41.12 44.10 20354  3720 4.395
